% -------------------------------------------------------------------
%  Generated by MATLAB on 29-Oct-2018 11:23:41
%  MATLAB version: 9.0.0.341360 (R2016a)
% -------------------------------------------------------------------
                                           

Regions = cell(34, 4);
Regions{1,1} = ...
  [-4.7678193579478347E-5 -0.0043030705370811235 0.0043030705370811235;
   0.35454713969010543 31.926731615246421 -31.926731615246421;
   1 0 0;
   -1 0 0;
   0 -1 0;
   0 0 1;
   0 0 -1];
Regions{2,1} = ...
  [-3.5576487707234271E-5 -0.0032036388047997572 0.0032036388047997572;
   0.23261867147448964 20.940966847397387 -20.940966847397387;
   1 0 0;
   -1 0 0;
   0 -1 0;
   0 0 1;
   0 0 -1];
Regions{3,1} = ...
  [-2.3313238553360363E-5 -0.0020987212787212791 0.0020987212787212791;
   0.11097681558999362 9.99000999000999 -9.99000999000999;
   1 0 0;
   -1 0 0;
   0 -1 0;
   0 0 1;
   0 0 -1];
Regions{4,1} = ...
  [-1.1108779240558364E-5 -0.0010000000000000002 0.0010000000000000002;
   1 0 0;
   0 1 0;
   0.01 1 0;
   0.0109982 1 0;
   0.011097840324 1 0;
   0.01110778642114168 1 0;
   -1 0 0;
   0 -1 0;
   0 0 1;
   0 0 -1];
Regions{5,1} = ...
  [-0.4745723890284354 -42.831288512143423 42.831288512143423;
   0.4745723890284354 42.831288512143423 -42.831288512143423;
   1 -0 -0;
   -1 -0 -0;
   -0 -1 -0;
   -0.01 -1 -0;
   -0.010950742761097157 -0.99571687114878571 -0.0042831288512143427;
   -0.011010358919756659 -0.99211179411683148 -0.0078882058831685215;
   -0.0109932399356526 -0.98967515026796271 -0.010324849732037338;
   -0.010980550568091243 -0.98844348099797064 -0.011556519002029395;
   -0 -0 1;
   -0 -0 -1];
Regions{6,1} = ...
  [23.694126938983068 2132.8898915901432 24.936967095489916;
   -1 0 0;
   0 -1 0;
   -0.0083489088688396516 -0.76150586929657549 -0.0015448196353382284;
   -0.0026577290318065827 -0.23933195366754667 -0.0015521120123234578;
   0 0 -1];
Regions{7,1} = ...
  [-3.5736117010237933 -322.60541387854028 9.0126256048592666;
   35.9203876604541 3234.6775959430288 20.977482846401614;
   -36.007729550648484 -3241.7630562380486 9.891548739137896;
   -35.575824110941262 -3202.7726479893631 -0.98737439514076542;
   -1 0 0;
   0 -1 0;
   -0.01 -1 0;
   -0.0073974270449351526 -0.67582369437619516 -0.00098915487391378933;
   -0.0035800558014664526 -0.32318715074989068 -0.00098915487391378846;
   0 0 -1];
Regions{8,1} = ...
  [-3.4393645363778958E-14 -4.4488331783609624E-12 10.000000000000002;
   55.908433100960636 5047.0965255315332 15.447272936931789;
   -55.509270630682252 -5002.2516760820145 4.5033521640331742;
   -49.928197214962971 -4498.4235616114711 -4.9528767770469067;
   0 -1 0;
   -0.01 -1 0;
   -0.0054472729369317756 -0.49977483239179848 -0.0004503352164033172;
   0 0 -1];
Regions{9,1} = ...
  [-1.4210854715202004E-14 -1.8189894035458565E-12 10;
   -9.9819999999999709 -998.20000000000437 10;
   120.96040324000003 11097.840324 10.000000000000014;
   -109.98200000000001 -9999.9999999999982 7.1054273576010019E-15;
   0 0 -1];
Regions{10,1} = ...
  [-2.8421709430404007E-14 -3.637978807091713E-12 9.9999999999999858;
   92.653637590158226 8357.7606966965341 19.092396937680718;
   0.0091657234350158243 0.8258120372696538 0.00090923969376807256;
   -100.90596937680712 -9092.3969376807145 -1.4210854715202004E-14;
   0 0 -1];
Regions{11,1} = ...
  [-2.8421709430404007E-14 -5.4569682106375694E-12 10.000000000000014;
   0.01232621136628336 1.1107840324 -0.00099999999999999915;
   -110.97840323999989 -9999.99999999999 1.0658141036401503E-14;
   -0.010998200000000007 -1.0000000000000007 1.7347234759768071E-18;
   0 0 -1];
Regions{12,1} = ...
  [0.44871546871033335 44.871546871033992 9.5504753869862036;
   -5.4374678456452763 -543.746784564528 15.447272936931784;
   115.52293539435468 10554.093539435467 15.447272936931769;
   -109.98199999999997 -9999.9999999999982 1.4210854715202004E-14;
   0.00044952461301378359 0.044952461301378421 -0.0004503352164033211;
   0 0 -1];
Regions{13,1} = ...
  [-4.981225344014157 -449.32816977724769 8.9735585781895537;
   0.0054931253187936319 0.4945277295094152 0.00015245665911104293;
   -55.533020004124182 -4999.5597558570826 9.34964219633153;
   -1 0 0;
   0 0 -1];
Regions{14,1} = ...
  [-11.077864211415928 -998.19999999992069 9.9999999999997584;
   0.012338242742582391 1.1107840323999991 -0.00099999999999999482;
   0.012472065092588608 1.1228424945141671 -0.002099819999999997;
   -111.07786421141728 -10000.000000000044 1.1013412404281553E-13;
   -1 0 0;
   0 0 -1];
Regions{15,1} = ...
  [-5.5315204172872328 -498.8752376934911 9.5504753869862;
   0.0056231965375380345 0.50625437984684651 -0.0015447272936931779;
   -55.563452155174872 -5002.2516760820163 4.5033521640331884;
   -1 0 0];
Regions{16,1} = ...
  [-3.2147352074608762 -321.47352074608762 19.957952560598528;
   113.56379145036549 10358.179145036549 21.012994350765105;
   -109.98199999999999 -9999.9999999999982 7.1054273576010019E-15;
   0.00035042011291057558 0.035042011291057329 -0.000995506599833093];
Regions{17,1} = ...
  [32.234103853173529 2901.9007827876403 30.274266774760921;
   -35.882628913025989 -3230.4696795779287 9.5760457398899845;
   -35.4837549242375 -3194.4611635397459 -1.2195722887359572;
   -1 0 0;
   0 -1 0;
   -0.0074099371086974019 -0.67695303204220714 -0.00095760457398899861;
   -0.0036030215384638244 -0.32526036734668562 -0.00093123543369098491;
   0.00035929431565380303 0.032435054813732322 -0.00090613794106790026];
Regions{18,1} = ...
  [-5.437467845645287 -498.87523769349173 20.537688174198991;
   55.908433100960622 5047.0965255315332 14.450070139729007;
   -55.509270630682266 -5002.2516760820172 4.50335216403316;
   -49.928197214963014 -4498.4235616114756 -4.9528767770469493;
   0 -1 0;
   -0.01 -1 0;
   -0.005447272936931773 -0.49977483239179832 -0.00045033521640331546;
   -3.4694469519536142E-18 -3.3306690738754696E-16 -0.000999000999001005 ...
   ];
Regions{19,1} = ...
  [7.28920794240582E-15 4.1723781794201095E-13 20.987212787212773;
   -9.9819999999999958 -998.19999999999823 9.0027972027972289;
   120.96040323999996 11097.840323999997 9.99999999999998;
   -109.982 -10000 0;
   0 0 -1];
Regions{20,1} = ...
  [92.65363759015824 8357.76069669654 18.095194140477947;
   0.0091657234350158278 0.82581203726965391 0.00090923969376807223;
   -100.90596937680714 -9092.3969376807145 7.1054273576010019E-15;
   3.4694469519536142E-18 4.4408920985006262E-16 -0.0009990009990010016 ...
   ;
   0 0 -1];
Regions{21,1} = ...
  [-10.978403240000031 -998.20000000000232 20.987212787212762;
   123.05267069141681 11097.840324000004 9.0027972027972236;
   0.012326211366283361 1.1107840324000002 -0.000999999999999999;
   -110.97840324 -10000 -1.0658141036401503E-14;
   -1.7347234759768071E-18 0 -0.00099900099900099987];
Regions{22,1} = ...
  [-4.9667187833788873 -496.6718783378883 25.466712082953503;
   115.49845125504395 10551.645125504396 14.926151678218261;
   -109.98200000000001 -10000 0;
   0.000451548757994703 0.045154875799470306 -0.00040725324538181187;
   0 0 -1];
Regions{23,1} = ...
  [0.0054733298775250429 0.49274209469451241 0.00018811767412981947;
   -55.288458109229587 -4977.499210300296 8.9090697792521;
   -0.0050171051242307108 -0.45256468185275278 -0.00097983731246170571;
   0.00050030712637432959 0.045129876665875535 -0.00090129134812195685;
   0 0 -1];
Regions{24,1} = ...
  [111.09003569654867 10001.09674358042 20.98721278721279;
   0.012227773970795832 1.1008299540783222 -0.00090027972027971991;
   0.012350569328002306 1.11189480009442 -0.0019901456419580406;
   -111.0778642114168 -10000 -7.1054273576010019E-15;
   -1 0 0;
   -0.011097840324000005 -1.0000000000000004 -5.2041704279304213E-18;
   0.0011066797414002755 0.0997202797202793 -0.00099900099900100334;
   0 0 -1];
