% -------------------------------------------------------------------
%  Generated by MATLAB on 29-Oct-2018 11:14:30
%  MATLAB version: 9.0.0.341360 (R2016a)
% -------------------------------------------------------------------
                                          

Regions = cell(9, 4);
Regions{1,1} = ...
  [-4.7678193579478347E-5 -0.0043030705370811235 0.0043030705370811235;
   0.35454713969010543 31.926731615246421 -31.926731615246421;
   1 0 0;
   -1 0 0;
   0 -1 0;
   0 0 1;
   0 0 -1];
Regions{2,1} = ...
  [-3.5576487707234271E-5 -0.0032036388047997572 0.0032036388047997572;
   0.23261867147448964 20.940966847397387 -20.940966847397387;
   1 0 0;
   -1 0 0;
   0 -1 0;
   0 0 1;
   0 0 -1];
Regions{3,1} = ...
  [-2.3313238553360363E-5 -0.0020987212787212791 0.0020987212787212791;
   0.11097681558999362 9.99000999000999 -9.99000999000999;
   1 0 0;
   -1 0 0;
   0 -1 0;
   0 0 1;
   0 0 -1];
Regions{4,1} = ...
  [-1.1108779240558364E-5 -0.0010000000000000002 0.0010000000000000002;
   1 0 0;
   0 1 0;
   0.01 1 0;
   0.0109982 1 0;
   0.011097840324 1 0;
   0.01110778642114168 1 0;
   -1 0 0;
   0 -1 0;
   0 0 1;
   0 0 -1];
Regions{5,1} = ...
  [-0.4745723890284354 -42.831288512143423 42.831288512143423;
   0.4745723890284354 42.831288512143423 -42.831288512143423;
   1 -0 -0;
   -1 -0 -0;
   -0 -1 -0;
   -0.01 -1 -0;
   -0.010950742761097157 -0.99571687114878571 -0.0042831288512143427;
   -0.011010358919756659 -0.99211179411683148 -0.0078882058831685215;
   -0.0109932399356526 -0.98967515026796271 -0.010324849732037338;
   -0.010980550568091243 -0.98844348099797064 -0.011556519002029395;
   -0 -0 1;
   -0 -0 -1];
Regions{6,1} = ...
  [4.7678193579478347E-5 0.0043030705370811235 -0.0043030705370811235;
   -0.35454713969010543 -31.926731615246421 31.926731615246421;
   1 0 0;
   -1 0 0;
   0 -1 0;
   -0.01 -1 0;
   -0.0109982 -1 0;
   -0.011062385610030988 -0.99680732683847539 -0.0031926731615246435;
   -0.011045612794563585 -0.99440192553361717 -0.0055980744663829034;
   0 0 1];
Regions{7,1} = ...
  [3.5576487707234271E-5 0.0032036388047997572 -0.0032036388047997572;
   -0.23261867147448964 -20.940966847397387 20.940966847397387;
   1 0 0;
   -1 0 0;
   0 -1 0;
   -0.01 -1 0;
   -0.0109982 -1 8.6736173798840355E-19;
   -0.011097840324 -1 1.7347234759768071E-18;
   -0.011084524553994231 -0.9979059033152603 -0.0020940966847397373;
   0 0 1];
Regions{8,1} = ...
  [2.3313238553360363E-5 0.0020987212787212791 -0.0020987212787212791;
   -0.11097681558999362 -9.99000999000999 9.99000999000999;
   1 0 0;
   -1 0 0;
   0 -1 0;
   -0.01 -1 0;
   -0.0109982 -1 -8.6736173798840355E-19;
   -0.011097840324 -1 0;
   -0.01110778642114168 -1 0;
   0 0 1];
Regions{9,1} = ...
  [1.1108779240558364E-5 0.0010000000000000002 -0.0010000000000000002;
   1 0 0;
   -1 0 0;
   0 -1 0;
   -0.01 -1 0;
   -0.0109982 -1 0;
   -0.011097840324 -1 0;
   -0.01110778642114168 -1 0;
   0 0 1];
Regions{1,2} = [-0.000985567407265781; 9.8446719163398377; 500; 500; 1; ...
                11; 1];
Regions{2,2} = [-0.00098784846979599827; 9.8555099481016253; 500; 500; ...
                1; 11; 1];
Regions{3,2} = [-0.0009877274813269092; 9.842540413623361; 500; 500; 1; ...
                11; 1];
Regions{4,2} = [-0.00098523829540369872; 500; 50; 50; 50.000981; 50.00205992342; ...
                50.003148621555788; 500; 1; 11; 1];
Regions{5,2} = [19.62; 9.81; 500; 500; 1; 1; 1; 1; 1; 1; 11; 1];
Regions{6,2} = [-0.0019711348145315618; 19.689343832679675; 500; 500; 1; ...
                1; 1.001962; 1.002150912456732; 1.0021652239270329; 11];
Regions{7,2} = [-0.0019756969395919965; 19.711019896203251; 500; 500; 1; ...
                1; 1.001962; 1.00411984684; 1.0043261411219484; 11];
Regions{8,2} = [-0.0019754549626538184; 19.685080827246722; 500; 500; 1; ...
                1; 1.001962; 1.00411984684; 1.0062972431115689; 11];
Regions{9,2} = [-0.0019704765908073974; 500; 500; 1; 1; 1.001962; 1.00411984684; ...
                1.0062972431115689; 11];
Regions{1,3} = [0 0 0];
Regions{2,3} = [1.1102230246251565E-16 7.1054273576010019E-15 -7.1054273576010019E-15 ...
                ];
Regions{3,3} = [-5.5511151231257827E-17 -7.1054273576010019E-15 7.1054273576010019E-15 ...
                ];
Regions{4,3} = [0 0 0];
Regions{5,3} = [-0.4745723890284354 -42.831288512143423 42.831288512143423 ...
                ];
Regions{6,3} = [0 0 0];
Regions{7,3} = [1.1102230246251565E-16 7.1054273576010019E-15 -7.1054273576010019E-15 ...
                ];
Regions{8,3} = [-5.5511151231257827E-17 -7.1054273576010019E-15 7.1054273576010019E-15 ...
                ];
Regions{9,3} = [0 0 0];
Regions{1,4} = -9.81;
Regions{2,4} = -9.8100000000000023;
Regions{3,4} = -9.8099999999999987;
Regions{4,4} = -9.81;
Regions{5,4} = 0;
Regions{6,4} = 19.62;
Regions{7,4} = 19.620000000000005;
Regions{8,4} = 19.619999999999997;
Regions{9,4} = 19.62;

