% -------------------------------------------------------------------
%  Generated by MATLAB on 25-Oct-2018 16:49:27
%  MATLAB version: 9.0.0.341360 (R2016a)
% -------------------------------------------------------------------
                                       

Regions = cell(9, 4);
Regions{1,1} = ...
  [-4.7678193579478347E-5 -0.0043030705370811235 0.0043030705370811235;
   0.35454713969010543 31.926731615246421 -31.926731615246421;
   1 0 0;
   -1 0 0;
   0 -1 0;
   0 0 1;
   0 0 -1];
Regions{2,1} = ...
  [-3.5576487707234271E-5 -0.0032036388047997572 0.0032036388047997572;
   0.23261867147448964 20.940966847397387 -20.940966847397387;
   1 0 0;
   -1 0 0;
   0 -1 0;
   0 0 1;
   0 0 -1];
Regions{3,1} = ...
  [-2.3313238553360363E-5 -0.0020987212787212791 0.0020987212787212791;
   0.11097681558999362 9.99000999000999 -9.99000999000999;
   1 0 0;
   -1 0 0;
   0 -1 0;
   0 0 1;
   0 0 -1];
Regions{4,1} = ...
  [-1.1108779240558364E-5 -0.0010000000000000002 0.0010000000000000002;
   1 0 0;
   0 1 0;
   0.01 1 0;
   0.0109982 1 0;
   0.011097840324 1 0;
   0.01110778642114168 1 0;
   -1 0 0;
   0 -1 0;
   0 0 1;
   0 0 -1];
Regions{5,1} = ...
  [-0.4745723890284354 -42.831288512143423 42.831288512143423;
   0.4745723890284354 42.831288512143423 -42.831288512143423;
   1 -0 -0;
   -1 -0 -0;
   -0 -1 -0;
   -0.01 -1 -0;
   -0.010950742761097157 -0.99571687114878571 -0.0042831288512143427;
   -0.011010358919756659 -0.99211179411683148 -0.0078882058831685215;
   -0.0109932399356526 -0.98967515026796271 -0.010324849732037338;
   -0.010980550568091243 -0.98844348099797064 -0.011556519002029395;
   -0 -0 1;
   -0 -0 -1];
Regions{6,1} = ...
  [4.7678193579478347E-5 0.0043030705370811235 -0.0043030705370811235;
   -0.35454713969010543 -31.926731615246421 31.926731615246421;
   1 0 0;
   -1 0 0;
   0 -1 0;
   -0.01 -1 0;
   -0.0109982 -1 0;
   -0.011062385610030988 -0.99680732683847539 -0.0031926731615246435;
   -0.011045612794563585 -0.99440192553361717 -0.0055980744663829034;
   -0.011032905626497133 -0.99316864972564056 -0.0068313502743594968;
   0 0 1];
Regions{7,1} = ...
  [3.5576487707234271E-5 0.0032036388047997572 -0.0032036388047997572;
   -0.23261867147448964 -20.940966847397387 20.940966847397387;
   1 0 0;
   -1 0 0;
   0 -1 0;
   -0.01 -1 0;
   -0.0109982 -1 8.6736173798840355E-19;
   -0.011097840324 -1 1.7347234759768071E-18;
   -0.011084524553994231 -0.9979059033152603 -0.0020940966847397373;
   -0.011072123250581673 -0.99670017041377579 -0.0032998295862242347;
   0 0 1];
Regions{8,1} = ...
  [2.3313238553360363E-5 0.0020987212787212791 -0.0020987212787212791;
   -0.11097681558999362 -9.99000999000999 9.99000999000999;
   -1 0 0;
   0 -1 0;
   -0.01 -1 0;
   -0.0109982 -1 -8.6736173798840355E-19;
   -0.011097840324 -1 0;
   -0.01110778642114168 -1 0;
   0 0 1];
Regions{9,1} = ...
  [1.1108779240558364E-5 0.0010000000000000002 -0.0010000000000000002;
   -1 0 0;
   0 -1 0;
   -0.01 -1 0;
   -0.0109982 -1 0;
   -0.011097840324 -1 0;
   -0.01110778642114168 -1 0;
   0 0 1];
Regions{1,2} = [-0.0010046558687724575; 10.03534344173276; 1000; 1000; ...
                1; 11; 1];
Regions{2,2} = [-0.0010069811109031581; 10.046391384405325; 1000; 1000; ...
                1; 11; 1];
Regions{3,2} = [-0.0010068577791303864; 10.033170656089053; 1000; 1000; ...
                1; 11; 1];
Regions{4,2} = [-0.0010043203826745144; 1000; 100; 100; 100.001; 100.00209982; ...
                100.00320960403241; 1000; 1; 11; 1];
Regions{5,2} = [20; 10; 1000; 1000; 1; 1; 1; 1; 1; 1; 11; 1];
Regions{6,2} = [-0.0020093117375449151; 20.07068688346552; 1000; 1000; ...
                1; 1; 1.002; 1.0021925713116535; 1.0022071599663944; 1.0022064097961145; ...
                11];
Regions{7,2} = [-0.0020139622218063162; 20.09278276881065; 1000; 1000; ...
                1; 1; 1.002; 1.00419964; 1.004409929787919; 1.0044264944201289; ...
                11];
Regions{8,2} = [-0.0020137155582607728; 20.066341312178107; 1000; 1; 1; ...
                1.002; 1.00419964; 1.0064192080648; 11];
Regions{9,2} = [-0.0020086407653490288; 1000; 1; 1; 1.002; 1.00419964; ...
                1.0064192080648; 11];
Regions{1,3} = [0 0 0];
Regions{2,3} = [1.1102230246251565E-16 7.1054273576010019E-15 -7.1054273576010019E-15 ...
                ];
Regions{3,3} = [-5.5511151231257827E-17 -7.1054273576010019E-15 7.1054273576010019E-15 ...
                ];
Regions{4,3} = [0 0 0];
Regions{5,3} = [-0.4745723890284354 -42.831288512143423 42.831288512143423 ...
                ];
Regions{6,3} = [0 0 0];
Regions{7,3} = [1.1102230246251565E-16 7.1054273576010019E-15 -7.1054273576010019E-15 ...
                ];
Regions{8,3} = [-5.5511151231257827E-17 -7.1054273576010019E-15 7.1054273576010019E-15 ...
                ];
Regions{9,3} = [0 0 0];
Regions{1,4} = -10;
Regions{2,4} = -10.000000000000002;
Regions{3,4} = -9.9999999999999982;
Regions{4,4} = -10;
Regions{5,4} = 0;
Regions{6,4} = 20;
Regions{7,4} = 20.000000000000004;
Regions{8,4} = 19.999999999999996;
Regions{9,4} = 20;

